'mmx

44144 “ffimmfflffi
11111111611,111111111641,6

1411141111 1114116466

41111444111. 1111111, Ἓῗὶω ² ΝΜ 6666υῦ66161

16 mmmmm mmwaetssslaffil.
1111114111 1116716 111111114712 767,1,777,12
11111121,1 ,21166617 1111111117 6 11111114117712
umorem 6 torquebitur 11 1111111111116616
1441144111,1141,1144111141141 mser 1111
1444411111.11141441,4444144111,41 1414114111
1144μ4411111111611 mmmm 1111144111

60116 1011111111 76 2 1111111111 117
mmmm 646, 14 torrentium? transite 766
1611116614 torrere 7 111111111116164
1111116116 torm 125, 16116117. mmmmm
1111112114 461110 6616 transmutat 661, 6
um ,111 1141444111 transnanto 1411
1144141111 1111111411 mmmmm
ungere ⁴121 ¹ 1111411111
1161 66618 1166126 '⁷⁵¹⁴

11
Tiridatem ms
11111111 610, 1
7111111666
7111111 2616
’1111111111 217, 10
numus 1011
1114111 11
’1111147141 6
6116117362
1111111671, 6
titulos 416,6 6676

Μ

11111111 666, 4
1111111111 7717
umido 616, 12 66111
1111111204, 1
temdum 6016166, 16

1111111661,
mmm

6111111614117.627,6
merium-'15⁴
...111 11111...
11111112716 61416οηί6612
1441141111 menum
44414111141111111414411111
..11111 11161...
11161Μ76661717ῄ mendcans
6616132 1661111
1441144111, 1114, 1111, tremendum
111111. 111, 11111 mmmmm
ΜΞ410166677011. &Qum
7111116611116162
'sstym amm ,Μ ἐξέῌωπωο. moal}
.111,1.1.1111,1111 11111...
10,1 totum οιὴ111664,11ἷ11611611666,2776,
1 4111116412 141111 1,1,66 17114
1411111626, 12 1111141411 1111161111 6 -
togaoe3:5,e mhloedavoomss trepidum,
11111411116116161

trepidis 1111111246, 1
1111111111 664, 10 1111111141, 6 trepidum 6211
tolenn- 167, 1, 064, 6 1111111141, 10 6316 tres 8214 ,61114
1111411166οΑ 116111161411.6)4,2610,11·111619,2674,4
tollant 604, 1 ³ 1111111111160016
1111141111, 12 11111611662,0.666,10 1110611412
111111 16, 6 tractas 146. 4 tribuli· 715, 6
1116111,,1111 4.,.1111 mmmmm tribunum
71111 1111111166, 6. 4616666, 1116111441, 66716
mue 1111111 dietum 664, 8 61611116716
11 1114441111 1164111111611 111111
tollenda 111, 1 1111111116 1114. 1111114, a 411,
44411141116441414414114111 1
1116111111111 611, 11 11141111 1012 tribu 622, 6
161111117616126116. 0116619411 6101116114
111 441 11411 1111 4111444111,1.111,1111, 1141411141
641174,1161606111911ηιξ(ΜΜῊ gfffflbfff
111114141111 1111116616 1111161011
1161117611, 716, am, 111616111616 1111111111 1267
Ἃῧέᾞ ⁶ 1111110411 11111111
11160116616 114111 2616
traducere 1111 4414444114 11111. 11411
1111111616 . taglam, 10 1111116621
1111441114111 micam 1414441111
1114111114 1441411111 4411144111. 1111
111444444114 tragicum 111, 11
1,1,11111114111 &ww 1111
1 cum
’1111146110 tragicum
6111611... mm
1111111111 1216 11111611 66114
1111111111 4617 1111141411 6614
10116114 6 164 271111
14444111 ,1111 trahentes 11 1. 700’4111
nomme 4441411111
A 1111111161 7166
traheret 62, 4
, 1414114116, 1
trahet 56116

&nummum 1414111114

traham

mnes ex 111111 6611
tollet 611, 1 16116
11111111 76110

...1164116
triremium
44414111,1.,4111,11111
ωῇἶὲῑμεωττωω
1111111111616. 4.
1016666, 7 5612

6566, BOA-812?
1116112111 66013.
615,6,5.64 4

166116μ1ᾓ11111611
11111111

tonso 11117
1441441114), 4μ ’1616
1111141111 7618
tonso 01· 61117
111141116116112
11111111 761, 6

141111 760, 6

6011261162

11111111 6466 ¹2 8⁸2, &⁶¹10

vimmsshsslffi!

11111

ᾤμωξ’ Qunam
441444 1,1

ww
ffiffiw
1111111161· 1416
6661.
1111116616

τ 41141114
11, 11111

’11111111 4262 6016
7111111 106, 4
1111... .
Q 66

21111, 4
11116
1441114 1111
ὓιῖιήιωιὶωῐ 1111, 1
trun· 661, 6
mm 11411111
ww&
ssssffgfflmmu

116εὰ1118111
411111ςέ11

6111611161

1111114611
16611661611117
111622661667110
11112116 Dum&

· 1111611

1111111661,1.107,2

1111111ιῶ16

11116914

nuislflm⁴

1111111 61112

11111661.177,4.21,1ὣ1,
6661676111. 147, 6
6666691166116611

Q 6711ῗῆ16764
Tullus
11112111116766. m.
1111111111
1411111727,6

1111111614

41146611 6714

tumui 6

tumidis 16
11111
11116111667,6
11116126166116
111116111111·

1611611166
mmmmm
mssffim

14ῗῖῗὲ 1,1 s. 4411

’111111666111166116 11111411, 1114611701, mamam

1114111970. 16
tundit 111

 

