VOCABULORUM OMNIUM. 81

441414881811 8184448888 vul gnarum, Vuiturenonum,8
1111444445 8111. 8187. 444414.444848,8851,1.788, 441448ιῖ485 1811441211. 8881825.
882844184511547, 8 vulgatu 5 1884148844
44444444, 44444,ιό utri 44444444 44448844 4 νωιωριιε.ιεο,44444
8114441,’158,ἰ417,12.648,41141414814,5 181344187110 45214 8247821. 884,
444144444444 4464444 8881441884, 44444
714, 1481111184, 4. utro 88484 4814478144
4444 4444 484448444844444, mmmmm 44444 41444444 44444414,
44444444444444444 4144444414 444,444οι4.,ι444414,
44444 444 44 4444. umquenoetrommqn vulgu’msu, 44444, 44 444, 4444,
44444. 4444 mammeam 4444 4444484844844 44
1111444444 8714 44144444144448118 788,1.888,1.188,4 4444448885
81147818 787, 4..818,8 4444444444,41νε8’,9 18 4414444814, 11 444444454818887. 811,
81548, 8881811112 48444444118821888, vulnere 1888 8781148818
umerum 44 44418444444444 mmmmm, 1. 144, 4
4111148115 441144 444444Η48818Ὧ28488, 4441444144 1414484441441811, 4448885888
1411114787,8,1414.,.8418881, 8488, 4. 55285828. 6 8811841218
2 81877028115,8.788, 111ρ4ω147827 Χ
111111144453817584 8884 14188484186547. 781, 2
48111448018 4444781110 vult 17, 8. 81214 8888 mmmm
utilium 1118, 1188112, uvnpcfiqqlllsfflss ἓ11ὼ1ἑ888ὼ8871. .899, 7148888822
1 uvoel 10
44114141441881 171, 8487. 444444481148218878, 7. 1411411818 Ζ
44444814, 4 44444814 7848444184μ181885 7118117818 141, mam,
4111444· 58215825 4111414216 ν441114188,8. 587, 8581, 8 54781, 8
4414444888 4441411888, 4. 8811 4441144141,8.188,4.182’ 5. 7441141812 17
1111178810 8414144883, 8’ maalmam& 818, 1011884215
4444444441141,4484,4 44144144 4,,411,48444144444,181444,14444144881,
4844448888 1414448888 4411441828171, 888), 18
444441· 4414441444 4444441844

 

